1,-715.4470825195312,852.1685180664062,-1111.7926025390625,-0.017244359478354454,-0.010016808286309242,0.00556324515491724,0.9997856020927429,2,-646.4078979492188,792.4092407226562,-1017.8837890625,-0.0009474537218920887,0.0008609615615569055,-0.0018669192213565111,0.9999973773956299,242,406,355,934
1,-715.4343872070312,852.1574096679688,-1111.840087890625,-0.016620008274912834,-0.009729220531880856,0.005344031378626823,0.9998002648353577,2,-646.3590698242188,792.3269653320312,-1017.9228515625,-0.0018492419039830565,0.0011128692422062159,-0.002403171267360449,0.9999947547912598,242,405,355,934
1,-715.4298095703125,852.2610473632812,-1111.780517578125,-0.0165118295699358,-0.009273700416088104,0.004553101025521755,0.9998103380203247,2,-646.3375244140625,792.385498046875,-1017.912841796875,-0.002715768525376916,0.001284109428524971,-0.002360223326832056,0.9999927878379822,239,403,353,931
1,-715.05029296875,852.3491821289062,-1111.6749267578125,-0.017071973532438278,-0.009168139658868313,0.004194461740553379,0.9998034238815308,2,-645.955810546875,792.2274780273438,-1017.995361328125,-0.005895847920328379,0.0035021028015762568,-0.006114870775490999,0.9999579191207886,243,407,356,936
1,-715.0487670898438,852.3981323242188,-1111.869140625,-0.017434928566217422,-0.007924801670014858,0.004052096977829933,0.9998083710670471,2,-645.8776245117188,792.3956298828125,-1018.1121826171875,-0.007046733982861042,0.0034904603380709887,-0.003646224271506071,0.9999623894691467,242,406,356,936
1,-714.983154296875,852.347900390625,-1111.9058837890625,-0.01675352267920971,-0.007948172278702259,0.004353508818894625,0.9998185038566589,2,-645.7933959960938,792.4050903320312,-1018.18896484375,-0.00483919121325016,0.004707501735538244,-0.0042958068661391735,0.9999680519104004,243,407,356,937
1,-715.1341552734375,852.336181640625,-1111.87890625,-0.017124228179454803,-0.008906805887818336,0.004763773642480373,0.9998023509979248,2,-645.9371337890625,792.5217895507812,-1018.0482177734375,-0.0034999866038560867,0.002084798412397504,-0.0020263814367353916,0.9999896883964539,242,407,356,936
1,-715.2840576171875,852.1569213867188,-1111.8876953125,-0.015615222044289112,-0.010318627581000328,0.00627504289150238,0.999805212020874,2,-645.9888916015625,792.5750732421875,-1018.02099609375,-0.0012712368043139577,0.00118578493129462,0.0011809271527454257,0.9999977946281433,242,407,356,936
1,-715.0701293945312,852.2220458984375,-1111.855224609375,-0.01610388793051243,-0.010468674823641777,0.006140459794551134,0.9997966885566711,2,-645.8809204101562,792.568603515625,-1017.9421997070312,-0.0024055931717157364,0.0003035860136151314,0.0005283222999423742,0.9999969601631165,242,406,356,935
1,-715.1515502929688,852.2123413085938,-1111.873291015625,-0.01659899391233921,-0.009438165463507175,0.006028721574693918,0.9997994303703308,2,-645.89794921875,792.5645751953125,-1017.978271484375,-0.003945920616388321,0.00043483052286319435,0.00040513972635380924,0.9999920725822449,242,407,356,936
1,-715.1710205078125,852.292236328125,-1111.9287109375,-0.015557602047920227,-0.009980219416320324,0.005433464422821999,0.999814510345459,2,-645.982666015625,792.5724487304688,-1018.106201171875,-0.0048692193813622,0.0026405449025332928,-6.162842328194529e-05,0.999984622001648,242,407,356,936
1,-715.0975341796875,852.2775268554688,-1111.99462890625,-0.016883984208106995,-0.008837806060910225,0.005335183814167976,0.9998041987419128,2,-645.8781127929688,792.4776000976562,-1018.154052734375,-0.0048874858766794205,0.0028190568555146456,-0.0014384557725861669,0.9999831318855286,242,406,356,935
1,-715.0609741210938,852.30029296875,-1112.007568359375,-0.016846682876348495,-0.008729728870093822,0.0054459641687572,0.9998051524162292,2,-645.8757934570312,792.4814453125,-1018.145751953125,-0.006225972902029753,0.002831934252753854,-0.00135896319989115,0.9999755620956421,242,406,356,936
1,-715.118408203125,852.2626342773438,-1111.95263671875,-0.015331028029322624,-0.009416021406650543,0.005258973687887192,0.9998243451118469,2,-645.9276733398438,792.469970703125,-1018.1599731445312,-0.005196609999984503,0.002964350860565901,-0.001245570369064808,0.9999813437461853,243,407,357,936
1,-715.1348266601562,852.3316040039062,-1112.004150390625,-0.016336696222424507,-0.008362727239727974,0.0050189862959086895,0.9998189806938171,2,-645.8928833007812,792.5000610351562,-1018.182861328125,-0.007267053239047527,0.0029494601767510176,-0.001843881094828248,0.999967634677887,240,405,354,934
1,-715.12255859375,852.3247680664062,-1112.050537109375,-0.016652943566441536,-0.008489997126162052,0.005444966722279787,0.9998103976249695,2,-645.8716430664062,792.5252075195312,-1018.2369384765625,-0.008020320907235146,0.003246834734454751,-0.0013958492781966925,0.9999615550041199,242,407,356,936
1,-715.02587890625,852.3793334960938,-1112.11767578125,-0.016565008088946342,-0.008234620094299316,0.005009878426790237,0.9998162984848022,2,-645.7866821289062,792.5177612304688,-1018.3197021484375,-0.008882284164428711,0.003455167869105935,-0.0016834147972986102,0.999953031539917,243,407,357,936
1,-714.8968505859375,852.3976440429688,-1112.16552734375,-0.015402289107441902,-0.0078110299073159695,0.004459307994693518,0.999841034412384,2,-645.6117553710938,792.3167114257812,-1018.5631713867188,-0.010550030507147312,0.0030975164845585823,-0.0015193973667919636,0.9999383687973022,243,407,357,936
1,-714.96044921875,852.3705444335938,-1112.17626953125,-0.0163192767649889,-0.008366410620510578,0.004976242780685425,0.9998195171356201,2,-645.688720703125,792.3457641601562,-1018.4948120117188,-0.011343853548169136,0.00247128470800817,-0.0014888026053085923,0.9999315142631531,243,407,357,937
1,-714.9517822265625,852.4170532226562,-1112.16552734375,-0.01572776772081852,-0.00813270639628172,0.00453892583027482,0.9998328685760498,2,-645.6959838867188,792.4087524414062,-1018.4610595703125,-0.0106963524594903,0.0023392161820083857,-0.0016527669504284859,0.9999386668205261,243,407,357,936
1,-714.9579467773438,852.4508666992188,-1112.13037109375,-0.01618150994181633,-0.00811471976339817,0.005032377317547798,0.9998234510421753,2,-645.7313232421875,792.3619995117188,-1018.517822265625,-0.0017028418369591236,0.0008818449568934739,0.0003756515507120639,0.999998152256012,243,407,357,937
1,-714.9259643554688,852.4642333984375,-1112.14013671875,-0.015541351400315762,-0.007991509512066841,0.004408237524330616,0.9998375177383423,2,-645.6742553710938,792.45556640625,-1018.4400024414062,-0.012556391768157482,0.0014165956526994705,-0.0008114668307825923,0.9999197721481323,240,405,354,934
1,-714.9545288085938,852.38671875,-1112.1632080078125,-0.015774713829159737,-0.00843872595578432,0.0057103680446743965,0.9998237490653992,2,-645.7410888671875,792.4330444335938,-1018.42578125,-0.014522614888846874,0.0020106900483369827,-0.002338223857805133,0.9998897314071655,243,407,357,937
1,-714.9426879882812,852.3733520507812,-1112.174560546875,-0.01572263613343239,-0.008179957047104836,0.004854648839682341,0.9998312592506409,2,-645.6677856445312,792.4059448242188,-1018.4828491210938,-0.011384449899196625,0.0015516190323978662,-0.0006118411547504365,0.9999338388442993,240,405,354,934
1,-714.9293212890625,852.4351196289062,-1112.129150390625,-0.015014666132628918,-0.008167173713445663,0.004558702930808067,0.9998434782028198,2,-645.6557006835938,792.4533081054688,-1018.4530029296875,-0.011738105677068233,0.0009585092775523663,-0.000565165828447789,0.9999305009841919,243,407,357,937
1,-714.9373779296875,852.4376831054688,-1112.0947265625,-0.01609274558722973,-0.00819635670632124,0.005054233595728874,0.9998241662979126,2,-645.654541015625,792.4978637695312,-1018.3829345703125,-0.011904974468052387,0.0007535978802479804,-0.00040114918374456465,0.9999288320541382,243,407,357,937
1,-714.9393310546875,852.3607788085938,-1112.087890625,-0.0159897543489933,-0.008438833057880402,0.0052775121293962,0.9998224973678589,2,-645.627685546875,792.4122924804688,-1018.3389282226562,-0.012879805639386177,-0.00032220850698649883,0.00011922664270969108,0.9999169707298279,243,407,357,937
1,-714.9329223632812,852.3389282226562,-1112.0877685546875,-0.015859823673963547,-0.008374438621103764,0.005389867816120386,0.9998246431350708,2,-645.591796875,792.3685913085938,-1018.3842163085938,-0.009591631591320038,0.0010274425148963928,-0.0010055144084617496,0.9999529123306274,243,407,357,937
1,-714.951171875,852.3358764648438,-1112.089599609375,-0.015979990363121033,-0.008514990098774433,0.005657278932631016,0.9998200535774231,2,-645.626220703125,792.4091186523438,-1018.3438110351562,-0.010352998971939087,8.166277439158875e-06,-0.0007802445907145739,0.9999459981918335,243,407,357,937
1,-714.934814453125,852.3433227539062,-1112.0938720703125,-0.015864962711930275,-0.008594507351517677,0.005515018478035927,0.9998220801353455,2,-645.6114501953125,792.430908203125,-1018.337158203125,-0.010382190346717834,-0.0002194911357946694,-0.0010187099687755108,0.9999456405639648,243,407,357,937
1,-714.8593139648438,852.433349609375,-1112.1002197265625,-0.015623182989656925,-0.008303189650177956,0.004415847826749086,0.9998337626457214,2,-645.568603515625,792.4351806640625,-1018.3920288085938,-0.008963569067418575,0.0011290620313957334,-0.0024698677007108927,0.9999561309814453,243,407,357,937
1,-714.8681640625,852.3961791992188,-1112.0804443359375,-0.015531706623733044,-0.008235692046582699,0.0044388435781002045,0.9998355507850647,2,-645.5707397460938,792.355224609375,-1018.3622436523438,-0.00918557122349739,0.0008714073337614536,-0.002376094227656722,0.9999546408653259,243,407,357,937
1,-714.8624267578125,852.386474609375,-1112.0860595703125,-0.015879176557064056,-0.008105022832751274,0.005030135624110699,0.9998283982276917,2,-645.5726318359375,792.3565063476562,-1018.4119262695312,-0.009614736773073673,0.0013677033130079508,-0.0020637260749936104,0.9999507665634155,243,408,357,938
1,-714.8350830078125,852.40966796875,-1112.091064453125,-0.015583040192723274,-0.008148297667503357,0.004456948023289442,0.9998353719711304,2,-645.621337890625,792.4596557617188,-1018.3388061523438,-0.011987410485744476,0.0006374869262799621,-0.002987352665513754,0.9999234676361084,243,407,357,937
1,-714.859130859375,852.4185791015625,-1112.0897216796875,-0.01530912984162569,-0.008302954025566578,0.004552606958895922,0.9998379349708557,2,-645.592041015625,792.4465942382812,-1018.3798217773438,-0.00913927424699068,0.0016358174616470933,-0.0014586050529032946,0.9999558329582214,243,408,357,938
1,-714.9075927734375,852.4478149414062,-1112.133544921875,-0.01524647232145071,-0.0084868548437953,0.004956099670380354,0.9998355507850647,2,-645.6400756835938,792.5084838867188,-1018.3724365234375,-0.01137984823435545,5.211273310123943e-05,-0.0001568150764796883,0.9999352693557739,241,406,355,936
1,-714.9179077148438,852.3660278320312,-1112.125244140625,-0.01584303192794323,-0.008591822348535061,0.0055318172089755535,0.9998223185539246,2,-645.6307373046875,792.4114990234375,-1018.359375,-0.011312036775052547,-0.00022065934899728745,-1.0025398296420462e-05,0.9999359846115112,243,408,357,938
1,-714.8944702148438,852.3831787109375,-1112.0985107421875,-0.01577938348054886,-0.008550222963094711,0.005698231048882008,0.9998226761817932,2,-645.6102905273438,792.4075317382812,-1018.3399658203125,-0.011575121432542801,-0.0003401419671718031,-0.0007416361477226019,0.999932587146759,243,408,357,938
1,-714.8971557617188,852.4147338867188,-1112.0958251953125,-0.015088492073118687,-0.008434666320681572,0.0048819649964571,0.9998385906219482,2,-645.5745239257812,792.4202270507812,-1018.398193359375,-0.01008299458771944,0.0009458514978177845,-0.0005500004044733942,0.9999485015869141,243,408,357,938
1,-714.8890380859375,852.4627685546875,-1112.1123046875,-0.01503066997975111,-0.008173609152436256,0.004603598266839981,0.9998430609703064,2,-645.6322631835938,792.5188598632812,-1018.3445434570312,-0.011929951608181,5.4545864259125665e-05,0.0004268033953849226,0.9999287724494934,243,408,357,939
1,-714.8895263671875,852.45458984375,-1112.1124267578125,-0.015357665717601776,-0.008397523313760757,0.0047776889987289906,0.9998354315757751,2,-645.645263671875,792.5127563476562,-1018.348876953125,-0.011394345201551914,0.0002592337259557098,-1.5248603631334845e-05,0.9999350309371948,243,408,358,939
1,-714.884033203125,852.4358520507812,-1112.109619140625,-0.014999529346823692,-0.008401753380894661,0.004875004757195711,0.9998401999473572,2,-645.62158203125,792.433837890625,-1018.33740234375,-0.012568729929625988,-0.0007944736862555146,0.0001245612365892157,0.9999207258224487,243,408,357,938
1,-714.8568725585938,852.431884765625,-1112.123046875,-0.014549121260643005,-0.008362943306565285,0.004676816985011101,0.9998482465744019,2,-645.5977172851562,792.4315185546875,-1018.3785400390625,-0.011256365105509758,0.0001500195066910237,-0.0004927828558720648,0.999936580657959,240,405,355,935
1,-714.8246459960938,852.4384155273438,-1112.1448974609375,-0.01515747606754303,-0.008488994091749191,0.0047225370071828365,0.9998379945755005,2,-645.585693359375,792.4164428710938,-1018.389892578125,-0.010025388561189175,0.00123718217946589,-0.0019019806059077382,0.9999470710754395,243,408,358,939
1,-714.8283081054688,852.4749145507812,-1112.1422119140625,-0.015253939665853977,-0.008450658060610294,0.004731037653982639,0.9998368620872498,2,-645.5772094726562,792.5010986328125,-1018.400390625,-0.010260400362312794,0.0009503090986981988,-0.0009348930325359106,0.9999465346336365,243,408,357,938
1,-714.7975463867188,852.4637451171875,-1112.1455078125,-0.01487293653190136,-0.00841093622148037,0.004770094994455576,0.9998425841331482,2,-645.6024780273438,792.4093627929688,-1018.3583984375,-0.012288259342312813,3.639885107986629e-05,-0.0008817947236821055,0.9999241232872009,243,408,357,938
1,-714.779052734375,852.4570922851562,-1112.172607421875,-0.014616246335208416,-0.008509085513651371,0.004748857114464045,0.9998458027839661,2,-645.58056640625,792.3741455078125,-1018.4359741210938,-0.011513040401041508,0.000794441846664995,-0.0012468007626011968,0.9999326467514038,243,408,357,939
1,-714.8184814453125,852.4351196289062,-1112.1805419921875,-0.015181412920355797,-0.008489125408232212,0.004727948922663927,0.9998375773429871,2,-645.6035766601562,792.3739624023438,-1018.443603515625,-0.010510258376598358,0.001382000744342804,-0.0009147856617346406,0.9999433755874634,243,408,358,939
1,-714.8035888671875,852.4288940429688,-1112.1826171875,-0.0150745315477252,-0.008426487445831299,0.0046913460828363895,0.9998399019241333,2,-645.5869140625,792.3777465820312,-1018.449462890625,-0.00959537923336029,0.0017480534734204412,-0.0010446588275954127,0.999951958656311,243,408,358,939
1,-714.7793579101562,852.5073852539062,-1112.174560546875,-0.014937146566808224,-0.00846724770963192,0.004640758037567139,0.9998418092727661,2,-645.6305541992188,792.4946899414062,-1018.3839111328125,-0.012053458951413631,0.00020138523541390896,-0.00043684817501343787,0.9999272227287292,243,408,358,939
1,-714.78564453125,852.5052490234375,-1112.1771240234375,-0.014890646561980247,-0.008405069820582867,0.004516205284744501,0.9998436570167542,2,-645.5805053710938,792.4765625,-1018.4536743164062,-0.010082226246595383,0.0019317069090902805,-0.0010412033880129457,0.9999467730522156,243,408,358,940
1,-714.755126953125,852.5108032226562,-1112.1939697265625,-0.014784962870180607,-0.008450695313513279,0.0047230906784534454,0.9998438954353333,2,-645.6032104492188,792.417724609375,-1018.4404296875,-0.011317990720272064,0.0018215659074485302,-0.0017499275272712111,0.9999328255653381,243,408,358,939
1,-714.7823486328125,852.4741821289062,-1112.2274169921875,-0.01455333549529314,-0.008500675670802593,0.004471675958484411,0.9998480081558228,2,-645.581787109375,792.3939208984375,-1018.4869384765625,-0.011585592292249203,0.0011466630967333913,-0.0010278330883011222,0.9999317526817322,243,408,358,939
1,-714.7647705078125,852.5239868164062,-1112.2333984375,-0.014507239684462547,-0.008194691501557827,0.00430145813152194,0.9998519420623779,2,-645.5193481445312,792.4431762695312,-1018.5469970703125,-0.010680954903364182,0.0012866975739598274,-0.0012347304727882147,0.999941349029541,243,408,357,939
1,-714.7410888671875,852.5216064453125,-1112.1981201171875,-0.014921200461685658,-0.008280554786324501,0.0047005219385027885,0.9998432993888855,2,-645.5711669921875,792.4988403320312,-1018.4554443359375,-0.014135916717350483,0.0009687164565548301,-0.0023905234411358833,0.9998968243598938,241,406,356,937
1,-714.7312622070312,852.5205078125,-1112.195556640625,-0.015120411291718483,-0.008340059779584408,0.00420738197863102,0.9998419880867004,2,-645.4935302734375,792.4393920898438,-1018.520751953125,-0.009425968863070011,0.002065650187432766,-0.001898983959108591,0.9999517202377319,243,408,358,939
1,-714.7102661132812,852.4628295898438,-1112.2056884765625,-0.014891144819557667,-0.008305015042424202,0.004491438623517752,0.9998445510864258,2,-645.4486694335938,792.3925170898438,-1018.4881591796875,-0.00871498603373766,0.0010479928459972143,-0.0020027565769851208,0.9999593496322632,243,408,358,939
1,-714.6708984375,852.4640502929688,-1112.2255859375,-0.01493075955659151,-0.00862476509064436,0.004392112605273724,0.9998416304588318,2,-645.4526977539062,792.4097290039062,-1018.4810791015625,-0.00892037432640791,0.0006596462335437536,-0.0019044482614845037,0.9999580979347229,243,408,357,939
1,-714.64892578125,852.459228515625,-1112.2315673828125,-0.014810324646532536,-0.008659792132675648,0.004267517477273941,0.9998437166213989,2,-645.4371948242188,792.4159545898438,-1018.4794921875,-0.00936722569167614,0.00047451912541873753,-0.001522442209534347,0.9999548196792603,243,408,358,939
1,-714.5965576171875,852.5230712890625,-1112.28466796875,-0.01479854341596365,-0.008738803677260876,0.004149605520069599,0.9998436570167542,2,-645.430908203125,792.449462890625,-1018.524169921875,-0.009249720722436905,0.000916444871108979,-0.002295468933880329,0.9999541640281677,243,408,358,939
1,-714.5323486328125,852.5301513671875,-1112.28955078125,-0.015538159757852554,-0.00843589287251234,0.0033696722239255905,0.9998380541801453,2,-645.4057006835938,792.3700561523438,-1018.526611328125,-0.009149057790637016,0.0003544811625033617,-0.0025779842399060726,0.9999547600746155,243,408,358,939
1,-714.50146484375,852.5171508789062,-1112.28173828125,-0.015699883922934532,-0.008817657828330994,0.0034576246980577707,0.9998318552970886,2,-645.3970947265625,792.3054809570312,-1018.5018310546875,-0.008613944984972477,0.0002748149272520095,-0.002968613523989916,0.9999584555625916,241,406,355,937
1,-714.5157470703125,852.5037841796875,-1112.26708984375,-0.015604997053742409,-0.008648627437651157,0.003307283390313387,0.9998353719711304,2,-645.3970947265625,792.2939453125,-1018.4898071289062,-0.00832563266158104,0.0004756232083309442,-0.0032893065363168716,0.9999598264694214,243,408,358,940
1,-714.4906005859375,852.5501098632812,-1112.2730712890625,-0.015600341372191906,-0.008751739747822285,0.0030989390797913074,0.9998351335525513,2,-645.3934936523438,792.3646240234375,-1018.4937744140625,-0.007455920800566673,0.0014154304517433047,-0.003076347289606929,0.9999665021896362,242,407,357,939
1,-714.4923095703125,852.6055908203125,-1112.289794921875,-0.015580849722027779,-0.00871663261204958,0.0032258315477520227,0.9998353719711304,2,-645.3992919921875,792.3991088867188,-1018.5238037109375,-0.009112046100199223,0.0006909282528795302,-0.003086248878389597,0.9999534487724304,243,408,358,940
1,-714.4594116210938,852.5714721679688,-1112.3218994140625,-0.015232601203024387,-0.008626597002148628,0.003160283900797367,0.9998417496681213,2,-645.3273315429688,792.3015747070312,-1018.5836181640625,-0.00998054351657629,0.0003686515265144408,-0.002032437827438116,0.9999480247497559,244,409,358,941
1,-714.441650390625,852.6011352539062,-1112.343505859375,-0.015200261026620865,-0.008541963063180447,0.0030710187274962664,0.999843180179596,2,-645.3164672851562,792.3150024414062,-1018.6148681640625,-0.00925213098526001,0.000920804392080754,-0.0026570719201117754,0.9999533295631409,244,409,358,941
1,-714.43701171875,852.6277465820312,-1112.367919921875,-0.014944303780794144,-0.008427035063505173,0.0032881710212677717,0.9998474717140198,2,-645.2765502929688,792.3314819335938,-1018.66259765625,-0.00954365637153387,0.0012565463548526168,-0.0023418066557496786,0.9999508261680603,244,409,358,941
1,-714.421630859375,852.7301025390625,-1112.4027099609375,-0.014929018914699554,-0.008371985517442226,0.003350514220073819,0.999847948551178,2,-645.2817993164062,792.3958129882812,-1018.7337646484375,-0.009668235667049885,0.0021522275637835264,-0.0025194634217768908,0.9999478459358215,244,409,358,941
1,-714.3833618164062,852.7807006835938,-1112.386962890625,-0.014081206172704697,-0.008134943433105946,0.0028052274137735367,0.9998639225959778,2,-645.2763671875,792.3944091796875,-1018.724365234375,-0.010172590613365173,0.0017856031190603971,-0.002604930428788066,0.9999432563781738,244,409,359,942
1,-714.3609619140625,852.7385864257812,-1112.390625,-0.014262228272855282,-0.008422878570854664,0.0028401378076523542,0.9998587965965271,2,-645.2443237304688,792.3524169921875,-1018.73388671875,-0.009528682567179203,0.0016006409423425794,-0.002818157197907567,0.9999493956565857,244,409,359,942
1,-714.3358764648438,852.6979370117188,-1112.4119873046875,-0.01442458014935255,-0.00854248832911253,0.0030322822276502848,0.9998549222946167,2,-645.21826171875,792.2937622070312,-1018.765869140625,-0.009744646959006786,0.000799409463070333,-0.002289854222908616,0.9999494552612305,244,409,359,942
1,-714.3013305664062,852.6695556640625,-1112.4693603515625,-0.015696298331022263,-0.009624804370105267,0.004363711457699537,0.99982088804245,2,-645.2208251953125,792.3403930664062,-1018.7308349609375,-0.00837329588830471,0.001982535468414426,-0.003445560811087489,0.9999570846557617,244,409,359,942
1,-714.2972412109375,852.7465209960938,-1112.4541015625,-0.014575451612472534,-0.008940921165049076,0.003101459238678217,0.9998490810394287,2,-645.2345581054688,792.403564453125,-1018.72021484375,-0.00904829427599907,0.0016779052093625069,-0.0031214377377182245,0.9999527931213379,243,408,358,941
1,-714.2685546875,852.6892700195312,-1112.4296875,-0.014261152595281601,-0.009065762162208557,0.002896712627261877,0.9998529553413391,2,-645.1913452148438,792.3015747070312,-1018.719482421875,-0.009644955396652222,0.0005871459725312889,-0.0023361407220363617,0.9999505877494812,244,409,359,943
1,-714.2836303710938,852.72998046875,-1112.4090576171875,-0.014464889653027058,-0.008945954032242298,0.0031361167784780264,0.9998503923416138,2,-644.9105224609375,792.4531860351562,-1018.71240234375,-0.013767699711024761,0.0032849262934178114,-0.0010443784995004535,0.9998993873596191,242,407,356,940
1,-714.3013305664062,852.6722412109375,-1112.3875732421875,-0.01454553660005331,-0.008867530152201653,0.0028896364383399487,0.9998506307601929,2,-644.915771484375,792.368896484375,-1018.664794921875,-0.013222144916653633,0.0031088453251868486,-0.0009108395897783339,0.999907374382019,244,409,359,942
1,-714.2446899414062,852.7539672851562,-1112.3973388671875,-0.014260690659284592,-0.008994280360639095,0.0026876816991716623,0.999854326248169,2,-644.91650390625,792.4154663085938,-1018.661865234375,-0.012428895570337772,0.003729959251359105,-0.001972994301468134,0.9999138712882996,244,409,359,942
1,-714.2274780273438,852.7614135742188,-1112.3980712890625,-0.013805892318487167,-0.008769850246608257,0.0022538655903190374,0.9998637437820435,2,-644.9236450195312,792.4066162109375,-1018.65625,-0.011353566311299801,0.004092622548341751,-0.002653656294569373,0.9999236464500427,244,409,359,942
1,-714.2569580078125,852.7891235351562,-1112.39794921875,-0.014027156867086887,-0.008915644139051437,0.0026225808542221785,0.9998584389686584,2,-644.9363403320312,792.4630737304688,-1018.66845703125,-0.01297509390860796,0.003932564985007048,-0.001872633001767099,0.9999063014984131,244,409,359,942
1,-714.18359375,852.7861938476562,-1112.455810546875,-0.01402232050895691,-0.008816159330308437,0.0024361375253647566,0.9998598098754883,2,-644.924072265625,792.446044921875,-1018.6986694335938,-0.012521701864898205,0.004103436600416899,-0.0019225286087021232,0.9999112486839294,244,410,359,942
1,-714.1844482421875,852.7367553710938,-1112.4825439453125,-0.013909420929849148,-0.009026269428431988,0.002513087820261717,0.9998593330383301,2,-644.914794921875,792.3757934570312,-1018.7340087890625,-0.012507300823926926,0.0040398952551186085,-0.0015880853170529008,0.9999123215675354,244,410,359,943
1,-714.1731567382812,852.7640991210938,-1112.5218505859375,-0.014021925628185272,-0.009062713012099266,0.002599621657282114,0.9998571872711182,2,-644.8914794921875,792.4146118164062,-1018.7596435546875,-0.012248336337506771,0.004404942970722914,-0.0016865843208506703,0.9999138712882996,241,407,356,940
1,-714.167724609375,852.8534545898438,-1112.525390625,-0.013847149908542633,-0.009269888512790203,0.0027097153943032026,0.9998574256896973,2,-644.865234375,792.501708984375,-1018.8153076171875,-0.011876499280333519,0.004418972413986921,-0.0016602217219769955,0.9999183416366577,244,410,359,942
1,-714.1531372070312,852.8532104492188,-1112.507568359375,-0.013565661385655403,-0.009052066132426262,0.0026479288935661316,0.9998635053634644,2,-644.8300170898438,792.4730224609375,-1018.83349609375,-0.01209443062543869,0.0036941268481314182,-0.0015649950364604592,0.9999187588691711,244,410,359,943
1,-714.1455078125,852.8617553710938,-1112.4747314453125,-0.013312342576682568,-0.008836725726723671,0.0025477763265371323,0.9998691082000732,2,-644.8236694335938,792.4343872070312,-1018.8108520507812,-0.01149187795817852,0.004217727109789848,-0.0017201910959556699,0.999923586845398,244,410,359,943
1,-714.1245727539062,852.8265991210938,-1112.472412109375,-0.013238435611128807,-0.008839953690767288,0.002268820069730282,0.9998707175254822,2,-644.8826293945312,792.4359130859375,-1018.7119140625,-0.007502342574298382,0.006960712838917971,-0.003773988224565983,0.9999405145645142,244,410,359,943
1,-714.095458984375,852.8678588867188,-1112.4962158203125,-0.013247626833617687,-0.008826080709695816,0.0020345572847872972,0.9998712539672852,2,-644.7897338867188,792.3878173828125,-1018.8353271484375,-0.01263072993606329,0.004037793260067701,-0.001729065552353859,0.9999106526374817,244,410,359,943
1,-714.1243896484375,852.9249267578125,-1112.4931640625,-0.013061761856079102,-0.008741293102502823,0.002022017724812031,0.9998742938041687,2,-644.7959594726562,792.4713745117188,-1018.8587646484375,-0.013019203208386898,0.003986358176916838,-0.001781992963515222,0.9999057054519653,244,410,359,944
1,-714.0862426757812,852.9155883789062,-1112.50341796875,-0.013297412544488907,-0.008934498764574528,0.001948386663571,0.9998698234558105,2,-644.7803344726562,792.4441528320312,-1018.8511962890625,-0.012276321649551392,0.004001135937869549,-0.0024155897554010153,0.99991375207901,244,410,359,944
1,-714.0728149414062,852.8480224609375,-1112.49560546875,-0.013258671388030052,-0.009241349063813686,0.002131466055288911,0.9998671412467957,2,-644.7767944335938,792.3788452148438,-1018.823486328125,-0.011649505235254765,0.0036756612826138735,-0.0016250649932771921,0.9999241828918457,244,410,359,943
1,-714.01953125,852.872802734375,-1112.5264892578125,-0.013441827148199081,-0.009272297844290733,0.002152056898921728,0.9998643398284912,2,-644.7567749023438,792.4266357421875,-1018.84033203125,-0.013225420378148556,0.002787690842524171,-0.0012599871261045337,0.9999077916145325,244,410,359,943
1,-714.0346069335938,852.8705444335938,-1112.568115234375,-0.012996074743568897,-0.009283064864575863,0.002111098263412714,0.9998700618743896,2,-644.7616577148438,792.4518432617188,-1018.848388671875,-0.01221297774463892,0.003484657034277916,-0.0014187103370204568,0.9999182820320129,244,410,360,944
1,-713.9979858398438,852.9241333007812,-1112.58251953125,-0.013446162454783916,-0.009217384271323681,0.0018096205312758684,0.9998655319213867,2,-644.7612915039062,792.4878540039062,-1018.8500366210938,-0.012675382196903229,0.003731901990249753,-0.0021610744297504425,0.9999103546142578,244,410,359,944
1,-714.0172119140625,852.9320068359375,-1112.5618896484375,-0.013300102204084396,-0.009366802871227264,0.0016141642117872834,0.9998664259910583,2,-644.7732543945312,792.4903564453125,-1018.8477172851562,-0.01276024617254734,0.0034876090940088034,-0.0020899076480418444,0.9999103546142578,242,408,357,941
1,-714.0260009765625,852.869384765625,-1112.5096435546875,-0.013046246953308582,-0.009055247530341148,0.0015525298658758402,0.9998727440834045,2,-644.7691650390625,792.3966674804688,-1018.8018798828125,-0.012461796402931213,0.0031745582818984985,-0.0019128225976601243,0.9999155402183533,244,410,360,944
1,-714.025634765625,852.8746948242188,-1112.4703369140625,-0.012508148327469826,-0.009156870655715466,0.0011848077410832047,0.9998792409896851,2,-644.7551879882812,792.37548828125,-1018.773193359375,-0.012341711670160294,0.0034562123473733664,-0.0019202616531401873,0.9999160170555115,244,410,359,944
1,-714.0402221679688,852.9415893554688,-1112.513427734375,-0.013037385419011116,-0.008883745409548283,0.0016404145862907171,0.9998741149902344,2,-644.77197265625,792.4601440429688,-1018.83544921875,-0.012790209613740444,0.003297175047919154,-0.00182445184327662,0.9999111294746399,244,410,359,944
1,-714.0211181640625,852.9310913085938,-1112.53955078125,-0.012576138600707054,-0.0088195214048028,0.0015108635416254401,0.9998807907104492,2,-644.7603149414062,792.460693359375,-1018.8461303710938,-0.012612811289727688,0.003973008133471012,-0.0023247015196830034,0.9999098181724548,244,410,359,943
1,-714.0059814453125,852.9132080078125,-1112.559814453125,-0.012912851758301258,-0.009162141010165215,0.0016731132054701447,0.9998732805252075,2,-644.7697143554688,792.4300537109375,-1018.8421630859375,-0.011580869555473328,0.0040552858263254166,-0.0025192354805767536,0.999921441078186,244,410,360,944
1,-713.966064453125,852.9021606445312,-1112.5712890625,-0.013127638958394527,-0.00942118652164936,0.0012291460298001766,0.9998685717582703,2,-644.7394409179688,792.383544921875,-1018.8736572265625,-0.01314586028456688,0.003115507075563073,-0.0016723298467695713,0.9999073147773743,244,410,359,944
1,-713.94287109375,852.8609008789062,-1112.577392578125,-0.013177771121263504,-0.009464563801884651,0.0012887746561318636,0.9998675584793091,2,-644.7619018554688,792.3895874023438,-1018.8358154296875,-0.012092378921806812,0.0037494758144021034,-0.002253033220767975,0.9999173283576965,241,407,356,940
1,-713.9425048828125,852.9307250976562,-1112.5848388671875,-0.012946238741278648,-0.009283865801990032,0.0013259892584756017,0.9998721480369568,2,-644.7637329101562,792.448974609375,-1018.8483276367188,-0.011279875412583351,0.0044741639867424965,-0.003374948399141431,0.9999207258224487,244,410,359,944
1,-713.96142578125,852.9520263671875,-1112.578125,-0.013020104728639126,-0.009089309722185135,0.0016024440992623568,0.9998725652694702,2,-644.7672729492188,792.4574584960938,-1018.8697509765625,-0.01102995965629816,0.004421751480549574,-0.0032107913866639137,0.9999243021011353,244,410,359,943
1,-713.9451904296875,852.9256591796875,-1112.5904541015625,-0.01290072500705719,-0.009063550271093845,0.0012425732566043735,0.9998749494552612,2,-644.7169799804688,792.3812866210938,-1018.9083251953125,-0.012270007282495499,0.003969220444560051,-0.0023103998973965645,0.9999141693115234,245,410,360,944
1,-713.903076171875,852.8914184570312,-1112.6103515625,-0.013038435019552708,-0.009118196554481983,0.0010479643242433667,0.9998728632926941,2,-644.737548828125,792.4301147460938,-1018.8426513671875,-0.008681793697178364,0.006765310652554035,-0.0039950585924088955,0.9999315738677979,244,410,359,944
1,-713.9126586914062,852.8784790039062,-1112.572998046875,-0.013141827657818794,-0.009384245611727238,0.001267815474420786,0.9998688697814941,2,-644.6649780273438,792.3978271484375,-1018.8970336914062,-0.012215363793075085,0.0038194151129573584,-0.0016620203386992216,0.999916672706604,244,410,360,944
1,-713.936279296875,852.9301147460938,-1112.57470703125,-0.01271180808544159,-0.009057232178747654,0.0011232009856030345,0.999877393245697,2,-644.6857299804688,792.4370727539062,-1018.8893432617188,-0.012243525125086308,0.004042352084070444,-0.0015997188165783882,0.9999156594276428,244,410,360,944
1,-713.9307861328125,852.9515991210938,-1112.5916748046875,-0.012748032808303833,-0.008819990791380405,0.0011861490784212947,0.9998791217803955,2,-644.658935546875,792.43408203125,-1018.8881225585938,-0.012450462207198143,0.0036736654583364725,-0.00135311100166291,0.9999147653579712,244,410,360,944
1,-713.9111328125,852.9954223632812,-1112.6258544921875,-0.012446439824998379,-0.008946819230914116,0.0009151659323833883,0.9998820424079895,2,-644.6383666992188,792.4385375976562,-1018.9634399414062,-0.012624974362552166,0.0035790905822068453,-0.0014892625622451305,0.9999127984046936,244,410,360,944
1,-713.86669921875,852.9209594726562,-1112.6453857421875,-0.013116439804434776,-0.00931758526712656,0.001304263831116259,0.9998696446418762,2,-644.6204223632812,792.4141235351562,-1018.9761962890625,-0.013063165359199047,0.003740146057680249,-0.0015578496968373656,0.9999065399169922,244,410,360,944
1,-713.8762817382812,852.9530029296875,-1112.6578369140625,-0.013041509315371513,-0.00923757255077362,0.0010834832210093737,0.9998717308044434,2,-644.6936645507812,792.5037231445312,-1018.9031982421875,-0.009131303988397121,0.0065371328964829445,-0.003796642879024148,0.9999297857284546,244,410,360,944
1,-713.8923950195312,852.95458984375,-1112.6263427734375,-0.01271756924688816,-0.009155682288110256,0.0012512636603787541,0.9998763799667358,2,-644.6422119140625,792.4402465820312,-1018.9490966796875,-0.013422481715679169,0.003634445834904909,-0.0012261014198884368,0.9999025464057922,244,410,360,944
1,-713.9008178710938,853.0079956054688,-1112.6097412109375,-0.01235897745937109,-0.00879442598670721,0.001286927843466401,0.9998840689659119,2,-644.6453247070312,792.4688720703125,-1018.9295654296875,-0.012659880332648754,0.0036702619399875402,-0.0013007470406591892,0.9999122619628906,243,409,358,943
1,-713.9016723632812,853.0087280273438,-1112.6080322265625,-0.01233465876430273,-0.008875574916601181,0.0012066090712323785,0.9998838305473328,2,-644.6433715820312,792.4448852539062,-1018.9664306640625,-0.012687533162534237,0.0035462998785078526,-0.0014454800402745605,0.9999121427536011,244,410,360,944
1,-713.8992309570312,852.9335327148438,-1112.6005859375,-0.012783588841557503,-0.009016611613333225,0.001381601090542972,0.9998767375946045,2,-644.61865234375,792.3741455078125,-1018.962890625,-0.013831360265612602,0.003684086026623845,-0.0014259166782721877,0.9998965263366699,242,409,358,943
1,-713.8795166015625,852.940673828125,-1112.6082763671875,-0.012724301777780056,-0.009060928598046303,0.001173677621409297,0.9998772740364075,2,-644.6389770507812,792.4140625,-1018.9458618164062,-0.012519647367298603,0.004238463006913662,-0.0019891848787665367,0.9999106526374817,244,410,360,944
1,-713.8827514648438,852.9944458007812,-1112.6201171875,-0.012505153194069862,-0.00899126473814249,0.001279529300518334,0.9998805522918701,2,-644.6210327148438,792.4721069335938,-1018.9544677734375,-0.012501823715865612,0.0037672407925128937,-0.0018847585888579488,0.9999130368232727,244,410,360,944
1,-713.9112548828125,852.9928588867188,-1112.61083984375,-0.01234806701540947,-0.00877231266349554,0.0012149498797953129,0.9998846054077148,2,-644.6434936523438,792.4657592773438,-1018.9542846679688,-0.012204076163470745,0.004192032851278782,-0.00214256439357996,0.9999144673347473,245,411,360,945
1,-713.8731079101562,852.9293823242188,-1112.6260986328125,-0.012669291347265244,-0.009347748942673206,0.0012378896353766322,0.9998752474784851,2,-644.6932983398438,792.4425659179688,-1018.8848266601562,-0.008248656988143921,0.007059372961521149,-0.0042777289636433125,0.9999319314956665,244,411,360,944
1,-713.886474609375,852.9426879882812,-1112.619140625,-0.012356122024357319,-0.009082278236746788,0.0015002854634076357,0.9998812675476074,2,-644.6922607421875,792.4513549804688,-1018.8634643554688,-0.007660263683646917,0.0071470788680016994,-0.004102653823792934,0.9999366998672485,244,410,360,944
1,-713.8842163085938,852.9176635742188,-1112.6102294921875,-0.012449157424271107,-0.00924245361238718,0.0012265065452083945,0.999879002571106,2,-644.6978149414062,792.4439086914062,-1018.825439453125,-0.008257860317826271,0.006708314176648855,-0.0035645747557282448,0.999937117099762,245,411,360,945
1,-713.8912963867188,853.0103759765625,-1112.6248779296875,-0.01244131289422512,-0.009048465639352798,0.001707382150925696,0.9998802542686462,2,-644.6471557617188,792.5037841796875,-1018.9458618164062,-0.01339274924248457,0.0033826662693172693,-0.0013869028771296144,0.9999035596847534,243,410,359,944
1,-713.9192504882812,853.017822265625,-1112.607666015625,-0.01224895752966404,-0.008834882639348507,0.0015819072723388672,0.9998846650123596,2,-644.6617431640625,792.5051879882812,-1018.9708862304688,-0.012474005110561848,0.0043830364011228085,-0.0020883388351649046,0.9999104738235474,245,411,360,945
1,-713.89599609375,852.9952392578125,-1112.6484375,-0.012402515858411789,-0.008854261599481106,0.0011476129293441772,0.999883234500885,2,-644.7017211914062,792.5009155273438,-1018.9241943359375,-0.008396749384701252,0.006974436808377504,-0.004420926794409752,0.9999305605888367,245,411,360,945
1,-713.8778076171875,852.9390258789062,-1112.6246337890625,-0.012530777603387833,-0.009207515977323055,0.0014731708215549588,0.9998779892921448,2,-644.6969604492188,792.4374389648438,-1018.8948974609375,-0.008745832368731499,0.006897703278809786,-0.0039056246168911457,0.9999303221702576,245,411,360,945
1,-713.8779907226562,852.9397583007812,-1112.63916015625,-0.012241867370903492,-0.009215649217367172,0.0013625634601339698,0.9998815655708313,2,-644.683837890625,792.4590454101562,-1018.886474609375,-0.008887002244591713,0.006682003848254681,-0.003775443648919463,0.9999310374259949,245,411,360,945
1,-713.8845825195312,852.9797973632812,-1112.64013671875,-0.012366113252937794,-0.00897678080946207,0.0015254777390509844,0.9998820424079895,2,-644.6101684570312,792.4464111328125,-1018.981201171875,-0.013651094399392605,0.0035476188641041517,-0.0014678783481940627,0.9998995065689087,245,411,360,945
1,-713.902099609375,853.0110473632812,-1112.6141357421875,-0.012523610144853592,-0.008892341516911983,0.0012544618220999837,0.9998812079429626,2,-644.693359375,792.5315551757812,-1018.8817749023438,-0.008380142040550709,0.00621825410053134,-0.0037642167881131172,0.9999383687973022,245,411,360,945
1,-713.892822265625,852.9812622070312,-1112.6202392578125,-0.012391815893352032,-0.009038769640028477,0.0015467604389414191,0.9998812079429626,2,-644.60693359375,792.4148559570312,-1018.9991455078125,-0.013248629868030548,0.0030379556119441986,-0.0013328728964552283,0.9999068379402161,245,411,360,945
1,-713.8773193359375,852.939697265625,-1112.6099853515625,-0.012452710419893265,-0.009228675626218319,0.0012516254791989923,0.999879002571106,2,-644.613037109375,792.397705078125,-1018.969482421875,-0.013194814324378967,0.003524659899994731,-0.0017401361837983131,0.9999052286148071,245,411,360,945
1,-713.8969116210938,852.9871215820312,-1112.61474609375,-0.012528517283499241,-0.00922834500670433,0.0015385616570711136,0.9998777508735657,2,-644.6187133789062,792.4544067382812,-1018.9696044921875,-0.012717456556856632,0.00361461378633976,-0.0018365344731137156,0.9999108910560608,245,411,360,945
1,-713.8648071289062,852.9996337890625,-1112.6160888671875,-0.012456423602998257,-0.009175259619951248,0.0013593548210337758,0.9998793601989746,2,-644.6123657226562,792.46240234375,-1018.9696044921875,-0.013166703283786774,0.0033536511473357677,-0.0019951481372117996,0.9999057650566101,244,411,360,945
1,-713.861328125,853.0013427734375,-1112.612548828125,-0.012283723801374435,-0.00906354933977127,0.0013908441178500652,0.9998824596405029,2,-644.606689453125,792.4481811523438,-1018.97607421875,-0.013424143195152283,0.0030165165662765503,-0.001797979581169784,0.9999037384986877,245,411,360,945
1,-713.8677978515625,852.986328125,-1112.6435546875,-0.012600237503647804,-0.009014561772346497,0.001145009184256196,0.9998793601989746,2,-644.6011352539062,792.4312133789062,-1019.01953125,-0.013150695711374283,0.0036055089440196753,-0.0021965925116091967,0.9999045729637146,242,409,358,943
1,-713.8681640625,852.9430541992188,-1112.6156005859375,-0.012480130419135094,-0.009171633049845695,0.0013439491158351302,0.9998791217803955,2,-644.6724853515625,792.4512329101562,-1018.878662109375,-0.008892490528523922,0.00640851678326726,-0.00415259413421154,0.9999313950538635,244,411,360,945
1,-713.85693359375,852.98046875,-1112.63330078125,-0.012212207540869713,-0.009051764383912086,0.001201232778839767,0.999883770942688,2,-644.688720703125,792.4946899414062,-1018.8682250976562,-0.008252289146184921,0.006826609838753939,-0.004020540975034237,0.9999344944953918,245,409,358,945
1,-714.5087280273438,852.7261352539062,-1112.8519287109375,-0.010740559548139572,-0.0077322558499872684,0.0013429666869342327,0.9999116063117981,2,-645.2236938476562,791.48291015625,-1019.6172485351562,-0.02737545408308506,0.007918993011116982,-0.0010515556205064058,0.9995933175086975,245,411,360,946
1,-713.8753662109375,853.0153198242188,-1112.628662109375,-0.012290670536458492,-0.008876143954694271,0.0012469617649912834,0.9998842477798462,2,-644.6907348632812,792.5009155273438,-1018.8951416015625,-0.008519753813743591,0.006734041962772608,-0.004225592594593763,0.9999321699142456,245,411,360,946
1,-713.850830078125,852.95654296875,-1112.627197265625,-0.012341168709099293,-0.00917663425207138,0.0013886558590456843,0.9998807311058044,2,-644.6680297851562,792.4597778320312,-1018.884521484375,-0.008450009860098362,0.006544135976582766,-0.004108277149498463,0.9999344348907471,245,411,360,945
1,-713.8624267578125,852.9534301757812,-1112.618896484375,-0.012185047380626202,-0.009237668476998806,0.0012012978550046682,0.9998823404312134,2,-644.6939697265625,792.4407348632812,-1018.8668823242188,-0.008673787117004395,0.0066797505132853985,-0.003989099524915218,0.9999321103096008,245,411,360,946
1,-713.8370971679688,852.9598388671875,-1112.6455078125,-0.012317085638642311,-0.009458424523472786,0.0012588017852976918,0.9998785853385925,2,-644.681640625,792.4295043945312,-1018.8886108398438,-0.008430548943579197,0.007053166162222624,-0.004518470726907253,0.9999293684959412,242,408,358,943
1,-713.8466796875,853.0391235351562,-1112.619140625,-0.012243226170539856,-0.008935979567468166,0.0012380684493109584,0.999884307384491,2,-644.686767578125,792.5244750976562,-1018.874755859375,-0.008618081919848919,0.006465696729719639,-0.00423389719799161,0.9999330043792725,245,411,360,946
1,-713.8302612304688,853.0137329101562,-1112.6324462890625,-0.012279407121241093,-0.009197115898132324,0.0009483325993642211,0.9998817443847656,2,-644.6082153320312,792.417236328125,-1018.9859619140625,-0.012376600876450539,0.0037173903547227383,-0.0020322788041085005,0.9999144077301025,244,410,360,945
1,-713.8197021484375,853.0160522460938,-1112.62841796875,-0.012249504216015339,-0.00912337377667427,0.0010942198568955064,0.9998828172683716,2,-644.6686401367188,792.4610595703125,-1018.90185546875,-0.009188494645059109,0.006690547335892916,-0.004373960196971893,0.9999258518218994,245,411,360,946
1,-713.7862548828125,852.9994506835938,-1112.6591796875,-0.012159934267401695,-0.009165122173726559,0.0005675468128174543,0.9998838901519775,2,-644.6561889648438,792.3943481445312,-1018.9379272460938,-0.010365918278694153,0.006616645026952028,-0.004725043196231127,0.999913215637207,245,411,360,946
1,-713.7587280273438,853.0567626953125,-1112.68994140625,-0.012391145341098309,-0.009212411008775234,0.0007975607877597213,0.9998804330825806,2,-644.5833129882812,792.4041137695312,-1019.0394897460938,-0.014979269355535507,0.003888778854161501,-0.003128456650301814,0.9998753666877747,245,411,360,946
1,-713.765869140625,853.0776977539062,-1112.66259765625,-0.012091131880879402,-0.008952416479587555,0.000289439398329705,0.9998867511749268,2,-644.6658935546875,792.46630859375,-1018.9359741210938,-0.009664589539170265,0.006401777267456055,-0.004986307583749294,0.9999203085899353,245,411,360,946
1,-713.7473754882812,853.1072387695312,-1112.6820068359375,-0.011933177709579468,-0.008678040467202663,0.0002949596382677555,0.9998911023139954,2,-644.5701904296875,792.390380859375,-1019.06640625,-0.013709496706724167,0.004266061820089817,-0.0032707685604691505,0.9998915195465088,245,411,361,946
1,-713.7262573242188,853.018310546875,-1112.68310546875,-0.01222090795636177,-0.009237011894583702,0.0005625179037451744,0.9998824596405029,2,-644.6058959960938,792.36572265625,-1019.018798828125,-0.010030371136963367,0.007630581501871347,-0.005500758532434702,0.999905526638031,245,411,361,947
1,-713.7460327148438,853.0277099609375,-1112.669189453125,-0.012290678918361664,-0.009249127469956875,0.00039445061702281237,0.9998816847801208,2,-644.5415649414062,792.3203125,-1019.06640625,-0.016164885833859444,0.002987814135849476,-0.0021708498243242502,0.999862551689148,245,411,360,946
1,-713.7130737304688,853.076904296875,-1112.70263671875,-0.01208405289798975,-0.009138889610767365,0.0003272223984822631,0.9998851418495178,2,-644.6241455078125,792.4437255859375,-1018.97021484375,-0.011077365837991238,0.006496715359389782,-0.005118438508361578,0.9999043941497803,245,411,361,947
1,-713.7132568359375,853.1327514648438,-1112.6959228515625,-0.011937335133552551,-0.008809791877865791,0.0002444022393319756,0.9998898506164551,2,-644.6170043945312,792.4735717773438,-1019.010009765625,-0.010171279311180115,0.006796588189899921,-0.005513300187885761,0.9999100565910339,245,412,361,947
1,-713.6793212890625,853.0643920898438,-1112.7078857421875,-0.012281355448067188,-0.009076438844203949,6.527842197101563e-05,0.9998834133148193,2,-644.6021118164062,792.3744506835938,-1019.0223388671875,-0.010695839300751686,0.006981494836509228,-0.005659316200762987,0.9999024868011475,244,411,361,945
